owndeg1,owndeg2,owndeg3,owndeg4
1,1.20387854374791e-311,1.20387854374791e-311,1.20387854374791e-311
1.0070710950748e-311,1.0070710950748e-311,1.0070710950748e-311,1
1,9.05709549510132e-312,9.05709549510132e-312,9.05709549510132e-312
1.82160471649963e-06,0.999776804317488,9.85684131762055e-312,0.000221374077795103
0.334379713750044,0.664959105214579,1.30608317990377e-311,0.000661181035377025
0.000199699714885637,0.0699887496961474,0.929811550588967,1.15557154462495e-311
0.00046055322418594,0.999431529020007,0.000107917755807511,8.39252627095948e-312
0.00581652133644336,0.142480988290072,0.851702490373485,1.23369709215624e-311
0.00988079943624122,0.247622141024225,0.742497059539533,1.29696371361355e-311
0.0128816439160954,0.37625421234481,0.610864143739094,1.33364367630215e-311
0.0146291164902995,0.516914945090716,0.468455938418985,1.33886285626748e-311
0.0235756009129036,0.647466177506888,0.328958221580209,1.31017130468291e-311
0.0232982848407662,0.769040038341169,0.207661676818065,1.25705012632886e-311
0.0225361285555324,0.863017090308975,0.114446781135493,1.18121160481055e-311
0.0197819137397789,0.926601380111255,0.0536165993650667,1.06783899645784e-07
0.480294677035275,0.519140522461773,1.33103516440184e-311,0.000564800502952048
0.0170596646210087,0.963515300966002,0.0194250344129891,1.02264691434946e-311
0.0130251287371595,0.981035495105118,0.00593913496366233,2.41194060727408e-07
0.00104862165395314,0.998786858129514,0.000164520216533003,8.42097257347301e-312
0.0105005546893198,0.987857816305743,0.00164143999004799,1.890148892679e-07
0.00143154237285104,0.998128376897643,0.000439506751372032,5.73978134245001e-07
0.000928433211356833,0.998819811693147,0.000250954122876301,8.00972619876264e-07
0.000653369876843233,0.999120269547276,0.00022608779515438,2.7278072613823e-07
0.000165695039531188,0.999535441262301,0.000298073867914237,7.89830253248848e-07
1.21559643599472e-06,0.999738907297963,0.000259379077773193,4.98027827264999e-07
1.09206017436917e-06,0.999802350670358,0.000196196304341048,3.6096512715007e-07
0.62488782542655,0.374669770111468,1.32345233919402e-311,0.000442404461981614
3.86267492919915e-07,0.999824248955411,0.000174901678007222,4.63099089326749e-07
2.18986421543261e-07,0.999883628840367,0.0001160548158006,9.73574108829503e-08
2.51418815170086e-07,0.999882357107098,0.000117102270474178,2.89203613210617e-07
0.00205829359187173,0.99764667595176,0.000295030456368172,8.45949433249791e-312
0.000234328140141331,0.999654964692523,0.00011070716733568,8.40729093779579e-312
2.3943295809817e-07,0.999967303838228,3.24567288140363e-05,8.43174485890152e-312
8.82309023438887e-08,0.999960357259921,3.95545091767462e-05,8.49255557730451e-312
1.89995426348272e-07,0.999918489431425,8.13205731489689e-05,8.53737396804755e-312
9.2184361402592e-08,0.999772926312489,0.000226981503149067,8.60532875525596e-312
2.56522757168603e-07,0.999467364346717,0.00053237913052634,8.68515465105994e-312
0.756547820174698,0.243071665722538,1.27871417644218e-311,0.000380514102763836
8.77354794194309e-312,0.999079900424352,0.000920099575648004,8.77354794194309e-312
8.86820155701383e-312,0.998566239360691,0.00143376063930923,8.86820155701383e-312
7.1633154919548e-12,0.99787250310921,0.00212658261779161,9.14265835090944e-07
4.17026441203282e-07,0.996637538118645,0.0033620448549145,9.10221139748278e-312
0.00296853992261486,0.996650874454741,0.000380585622644172,8.52101499821942e-312
1.54641861812317e-05,0.995265941430035,0.0047185943837839,9.21231959417446e-312
2.21089538448139e-05,0.992358618906513,0.00761927213964238,9.33003910456362e-312
6.1330095211946e-05,0.991640640988416,0.00829785088526236,1.78031109316208e-07
4.32835733915969e-05,0.989658164400789,0.0102985520258194,9.56003091296667e-312
8.06595650732013e-05,0.987148504328155,0.0127708361067713,9.63781966791247e-312
0.865838737013019,0.13383427343793,1.21331344746808e-311,0.00032698954905081
0.00011618488619403,0.985432698724533,0.0144511163892726,9.73624090543572e-312
9.93594711162378e-05,0.982886239220489,0.0170144013083951,9.76686019802131e-312
0.000489335474736952,0.980787238876031,0.0187234256492321,9.80888139121963e-312
0.000655004721997033,0.980868570384363,0.0184764248936395,9.82475560238328e-312
0.00161444487728916,0.980707968617379,0.0176775865053321,9.8088082515991e-312
0.0104273546332715,0.989159455199924,0.000413190166804155,8.5629227376314e-312
0.00251707015928515,0.982532274771746,0.0149506550689685,9.75205627712597e-312
0.00255986864441039,0.985732053209441,0.0117080781461483,9.67278998653463e-312
0.00317476775015122,0.989179889894815,0.00764534235503362,9.56507334176044e-312
0.00923330815909761,0.985428663023034,0.00533802881786916,9.44141882955992e-312
0.935832505268408,0.0639570783064194,1.13604829065011e-311,0.000210416425172313
0.00361077789300076,0.993637825433877,0.00275139667312208,9.32370339020745e-312
0.00258601509245008,0.995902451428672,0.00151153347887802,9.23341327002656e-312
0.00259825911149231,0.996688790868163,0.000712950020344335,9.17443959721929e-312
0.00285175993470452,0.996882595953396,0.00026564411189951,9.14032409482656e-312
0.00280312221204097,0.997076337888608,0.000120539899351414,9.15854232534893e-312
0.00533156521822302,0.994511192264904,0.000157242516872542,9.2508841661664e-312
1,9.83034855287915e-312,9.83034855287915e-312,9.83034855287915e-312
0.000408383344447689,0.99615121110366,0.0034404055518925,8.3755257675324e-312
0.0562893787195958,0.612200814918435,0.331509806361969,1.40986010285535e-311
0.0633977525982234,0.687639277168551,0.248962970233226,1.40195308611197e-311
0.976350525049839,0.0235382266547763,1.05909809025361e-311,0.000111248295384374
0.0669228350193692,0.742848815077819,0.190228349902811,1.39674608463259e-311
0.0836307268114224,0.784560521493874,0.131808751694703,1.36459258814943e-311
0.110043838996941,0.805942230176157,0.0840139308269023,1.34215059601062e-311
0.137174393163721,0.809789125938734,0.053036480897546,1.31729469367014e-311
0.166502376575412,0.801385897662921,0.0321117257616677,1.30209752278574e-311
0.214943319971656,0.767028292871548,0.018028387156796,1.14605644272747e-311
0.245023512155447,0.742865352810063,0.0121111350344896,1.17894817199538e-311
0.285230140243557,0.705511164032403,0.00925869572404036,1.05207195418021e-311
0.000652892374813601,0.995814443375526,0.00353266424965997,8.38594296029852e-312
0.301776949801243,0.689849447781792,0.00837360241696545,1.1764534013792e-311
0.992466670443849,0.00750752242868966,9.9273738470649e-312,2.58071274615058e-05
0.303715099477188,0.688053243010388,0.00823165751242415,1.27277434074295e-311
0.305872259312184,0.686107143638114,0.00802059704970215,1.27388904036814e-311
0.00141764415480983,0.988119146237678,0.0104632096075123,8.40428791273521e-312
0.00213438870345417,0.987196033666482,0.0106695776300643,8.43270181586635e-312
0.002963429628451,0.985725577354627,0.0113109930169227,8.49500490593054e-312
0.0034266452585505,0.985089646345719,0.01148370839573,8.54492978416625e-312
0.0110892306527361,0.977169331299835,0.0117414380474295,8.59663473219423e-312
0.00339698804052747,0.985004852057878,0.011598159901594,8.71554134128448e-312
0.00319469498624234,0.986264845794318,0.0105404592194393,8.83054475989593e-312
0.00312516644222944,0.993819651595099,0.00305518196267201,9.01951124560461e-312
0.998123034074227,0.0018769659257725,9.45693767814325e-312,9.45693767814325e-312
1,8.45425771084632e-312,8.45425771084632e-312,8.45425771084632e-312
0.00170507136550866,0.99566341901652,0.00263150961797115,9.25103605251893e-312
0.000754786456699282,0.995256815642542,0.0039883979007591,9.61074135570772e-312
0.000308759486342167,0.989815986525906,0.00987525398775176,1.00851450345107e-311
2.02651279459702e-06,0.973691464638524,0.026306508848682,1.07499592048979e-311
1.41291432015568e-06,0.933780924605197,0.0662176624804822,1.14788080783194e-311
3.05217056450264e-06,0.863230895519677,0.136766052309759,1.22180007263668e-311
3.82037850479617e-05,0.759505767947763,0.240456028267189,1.27855186484702e-311
5.32010934729792e-05,0.632423803852486,0.367522995054041,1.31328230974738e-311
0.000103920409110428,0.4935418227664,0.506354256824489,1.31617934186397e-311
1.00462065761822e-311,1.00462065761822e-311,1.00462065761822e-311,1
0.000159487117085499,0.357461359312441,0.642379153570473,1.29085117117598e-311
1,9.2641544610525e-312,9.2641544610525e-312,9.2641544610525e-312
0.000157991995979012,0.232867210778411,0.76697479722561,1.24012661713699e-311
0.000116104408754118,0.134341335764342,0.865542559826904,1.17069553599254e-311
7.0959810928136e-05,0.0670051041925213,0.932923935996551,1.09114581419891e-311
8.47954521925866e-05,0.0266746715532155,0.973240532994592,1.0161126403995e-311
0.000104485686656782,0.00964711533248216,0.990248398980861,9.52729068815337e-312
5.31834121059432e-05,0.00286795821533967,0.997078858372554,9.02826005518091e-312
3.69736450769148e-07,0.000688108075134166,0.999311522188415,8.70603056867922e-312
1.35674120768779e-06,0.000128637461709744,0.999870005797083,8.48995911254479e-312
3.04082313827972e-06,0.999805249734064,9.81702156922692e-312,0.000191709442798221
0.999581180730009,0.000418819269990779,9.14321168682937e-312,9.14321168682937e-312
1.85830397746566e-07,1.18603866796105e-05,0.999987953782923,8.35295655646703e-312
3.36050176499559e-07,5.07706421574518e-06,0.999994586885608,8.25810934925806e-312
1,9.15067263649432e-312,9.15067263649432e-312,9.15067263649432e-312
1.80080529146622e-07,1.603056596779e-06,0.999998216862874,8.18781904740357e-312
1.60419660947182e-07,0.000162105818360126,0.999837733761979,8.16293243462287e-312
8.13972891762512e-312,9.67663850207059e-05,0.999903233614979,8.13972891762512e-312
1.7450678639632e-07,7.35710714659314e-05,0.999926254421748,8.13893422711465e-312
8.14905587484102e-312,0.000236496798363123,0.999763503201637,8.14905587484102e-312
8.17858068509067e-312,8.9340009347635e-05,0.999910659990652,8.17858068509067e-312
8.23021583641051e-312,7.68852604679711e-05,0.999923114739532,8.23021583641051e-312
0.999739773752407,0.000260226247592887,8.9336806726039e-312,8.9336806726039e-312
8.28244370764844e-312,7.53571239527471e-05,0.999924642876047,8.28244370764844e-312
1.35478035472878e-07,2.07509874129603e-06,0.999997789423223,8.35368567623515e-312
8.46705934955666e-312,3.26190546058286e-06,0.99999673809454,8.46705934955666e-312
1,1.00394126154652e-311,1.00394126154652e-311,1.00394126154652e-311
8.60670667395223e-312,3.41244698820621e-06,0.999996587553012,8.60670667395223e-312
6.70242546072461e-08,4.36591611263789e-05,0.999956273814619,8.79603976229397e-312
3.64017501484926e-07,0.000243004477740249,0.999756631504758,9.05773427861725e-312
2.55535376177332e-07,0.00171913160992702,0.998280612854697,9.43698235852105e-312
6.81468496452698e-07,0.00736525097797014,0.992634067553533,9.98816063431632e-312
6.64165318129096e-05,0.0242669650899285,0.975666618378259,1.07229884354633e-311
0.999718031622454,0.000281968377545864,8.80676662930025e-312,8.80676662930025e-312
0.000199656016545777,0.0615747330204001,0.938225610963054,1.15831678049916e-311
0.00333717883176726,0.131786370167493,0.86487645100074,1.23669326340874e-311
0.00564788007969254,0.236910157032459,0.757441962887848,1.30256619358831e-311
0.0109207135065446,0.363677859230801,0.625401427262654,1.34012775610193e-311
1,9.91812531837309e-312,9.91812531837309e-312,9.91812531837309e-312
0.0108596513262665,0.503950217786149,0.485190130887584,1.35049701749653e-311
0.0104801962811457,0.641836218693643,0.347683585025211,1.32310252735426e-311
0.00995567311897979,0.768826663021905,0.221217663859115,1.27531762150287e-311
0.0166756251363562,0.859116051732396,0.124208185880242,1.37251005397093e-07
0.00582684484851939,0.932800880242675,0.0613722749088056,1.12258948262951e-311
0.999753393291553,0.000246606708447102,8.71732041490208e-312,8.71732041490208e-312
0.00349700575498107,0.972120127015992,0.0243827109536777,1.56275348829794e-07
0.00209751811694819,0.989405968656119,0.00849651322693301,9.81209162928952e-312
0.00176795118949176,0.995539475728536,0.00269245856534322,1.14516629518773e-07
0.000335801356792943,0.998554389515463,0.00110970022129682,1.0890644736687e-07
2.0338833868522e-05,0.999398801109347,0.000580661586455752,1.98470328876398e-07
1,9.77669745418554e-312,9.77669745418554e-312,9.77669745418554e-312
1.9298738924245e-06,0.999717539231861,0.000279932167311646,5.98726935001254e-07
1.51296347355298e-06,0.999810394955743,0.000188092080783904,8.68585466977359e-312
1.93721498884968e-06,0.999811355651064,0.000186233767353549,4.73366593582888e-07
5.62140066021986e-07,0.99968098164167,0.000318456218263514,8.6972805540521e-312
0.999691151530179,0.000308848469821287,8.67180493039305e-312,8.67180493039305e-312
8.00179152254277e-07,0.99972972790947,0.000269471911377312,8.71756260591625e-312
6.21412997503053e-07,0.999568207943059,0.000431170643943931,8.77510460253284e-312
0.000137051240529696,0.999227929554141,0.00063501920532936,8.85175004850743e-312
2.76337222347467e-05,0.998857616982323,0.00111474929544233,8.94703475585067e-312
1.90692160065903e-05,0.997893555145895,0.00208737563809834,9.07532335940478e-312
1.31552864339942e-05,0.996236975095351,0.0037498696182154,9.22937417561115e-312
1,9.65919911102781e-312,9.65919911102781e-312,9.65919911102781e-312
2.82447595458051e-06,0.994042754274214,0.00595442124983157,9.39928267409899e-312
4.5829870717034e-07,0.99119198110599,0.00880756059530297,9.59346928449371e-312
2.56928383866383e-07,0.984585249351346,0.0154144937202702,9.80849946254177e-312
0.999753064869091,0.000246935130909501,8.63978434247914e-312,8.63978434247914e-312
2.63914011830943e-07,0.977841081229004,0.0221586548569841,1.00511371284695e-311
2.33034794819954e-07,0.968159546685978,0.0318402202792273,1.02869006181257e-311
1.04879925214405e-07,0.958346935817533,0.0416529593025414,1.0523319880407e-311
1.71552021100741e-07,0.947281232895842,0.0527185955521365,1.07366300380437e-311
1.07367525077889e-06,0.93461797686217,0.0653809494625793,1.09585477757667e-311
1.1144903483293e-311,0.921167039233355,0.0788329607666454,1.1144903483293e-311
1.54746308025811e-05,0.907833465129526,0.0921510602396717,1.13058351861755e-311
1,9.54711447760945e-312,9.54711447760945e-312,9.54711447760945e-312
0.000109720436967425,0.89436675348087,0.105523526082163,1.14249938863081e-311
0.000132452853790137,0.885715204429457,0.114152342716753,1.15095795857864e-311
0.99974312070645,0.000256879293550181,8.6289226351262e-312,8.6289226351262e-312
0.000243704987509351,0.878741437454939,0.121014857557552,1.15926116532876e-311
0.000284390376528446,0.875019291493603,0.124696318129869,1.1601518709867e-311
0.000338286859942705,0.876526568692266,0.123135144447792,1.15704821552024e-311
0.0004709702716487,0.88485750716577,0.114671522562581,1.15002596607798e-311
0.00144922220087675,0.896487652733735,0.102063125065389,1.1383455598119e-311
0.00135296333100366,0.913323195609474,0.0853238410595229,1.12044963997992e-311
0.00172031586384939,0.930483348224079,0.067796335912072,1.10114152328437e-311
0.001647075243969,0.948348564956885,0.0500043597991457,1.07622823067273e-311
1,9.4491210813952e-312,9.4491210813952e-312,9.4491210813952e-312
0.00170332149176273,0.964242259132736,0.0340544193755017,1.04921818619462e-311
0.999748712711877,0.000251287288123014,8.63827788534728e-312,8.63827788534728e-312
0.00140019612455761,0.977624417145476,0.0209753867299664,1.02426727424537e-311
0.00143693157491783,0.985257785918527,0.0133052825065549,1.00094302810947e-311
0.000914178825131394,0.992455469966988,0.00663035120788036,9.80747790575265e-312
0.0013316030028861,0.994774868305351,0.00389352869176318,9.69138381512846e-312
0.00319169622926683,0.994350555174532,0.0024577485962019,9.65216589064247e-312
0.00908727572476633,0.989342660494102,0.00157006378113219,9.68860726233906e-312
0.0159701851774505,0.982793911507522,0.00123590331502713,9.83787161773203e-312
0.0328784558197893,0.964609389038576,0.0025121551416345,1.01151313603733e-311
0.0595818510597733,0.93920133246546,0.00121681647476723,1.03797507861347e-311
1,9.37041871391308e-312,9.37041871391308e-312,9.37041871391308e-312
0.999790099584643,0.000209900415357406,8.65253691024864e-312,8.65253691024864e-312
0.0990017038743242,0.899849637791112,0.00114865833456388,1.07325239551053e-311
0.15196857905451,0.846871115479634,0.00116030546585609,1.10761282090135e-311
0.213378905383806,0.785216068795664,0.00140502582053066,1.14431691432179e-311
0.300353185782242,0.698869802580909,0.000777011636848861,1.04454446927871e-311
0.361225772580135,0.638248177511975,0.000526049907890112,1.10653397845651e-311
0.413120239324029,0.586495887299386,0.000383873376585494,9.98924690891261e-312
0.443316836577768,0.55641124726223,0.000271916160001554,1.1225481186987e-311
0.456874683945078,0.542836084948739,0.000289231106183081,1.22282203390253e-311
0.458226393302198,0.541491133478397,0.000282473219405383,1.22312463856576e-311
1,1.06902436179639e-311,1.06902436179639e-311,1.06902436179639e-311
0.999867387970027,0.000132612029972605,8.68377468853266e-312,8.68377468853266e-312
1,9.30573192450209e-312,9.30573192450209e-312,9.30573192450209e-312
1,1.06866499298053e-311,1.06866499298053e-311,1.06866499298053e-311
1,9.82762229587863e-312,9.82762229587863e-312,9.82762229587863e-312
1,8.46631108381591e-312,8.46631108381591e-312,8.46631108381591e-312
1,9.26511548243355e-312,9.26511548243355e-312,9.26511548243355e-312
1,9.13414883469197e-312,9.13414883469197e-312,9.13414883469197e-312
1,1.0037615618307e-311,1.0037615618307e-311,1.0037615618307e-311
1,9.90983615286932e-312,9.90983615286932e-312,9.90983615286932e-312
1,9.77506069269407e-312,9.77506069269407e-312,9.77506069269407e-312
1,9.65065171512815e-312,9.65065171512815e-312,9.65065171512815e-312
6.93538456568055e-06,0.999758393413188,9.84807560111785e-312,0.000234671202246642
1,9.85045543137729e-312,9.85045543137729e-312,9.85045543137729e-312
1,9.56217342273578e-312,9.56217342273578e-312,9.56217342273578e-312
1,9.24475100068669e-312,9.24475100068669e-312,9.24475100068669e-312
1,9.46299505959018e-312,9.46299505959018e-312,9.46299505959018e-312
1,9.39194081329103e-312,9.39194081329103e-312,9.39194081329103e-312
1,9.33175454425032e-312,9.33175454425032e-312,9.33175454425032e-312
1,9.26491357285827e-312,9.26491357285827e-312,9.26491357285827e-312
1,9.2116274216037e-312,9.2116274216037e-312,9.2116274216037e-312
1,9.17098007347606e-312,9.17098007347606e-312,9.17098007347606e-312
1,9.11644768361555e-312,9.11644768361555e-312,9.11644768361555e-312
1,9.09015768847938e-312,9.09015768847938e-312,9.09015768847938e-312
8.15874162864547e-312,8.15874162864547e-312,8.15874162864547e-312,1
1,9.05849131096495e-312,9.05849131096495e-312,9.05849131096495e-312
1,9.03266683652561e-312,9.03266683652561e-312,9.03266683652561e-312
1,9.19152704932759e-312,9.19152704932759e-312,9.19152704932759e-312
1,9.01572212910285e-312,9.01572212910285e-312,9.01572212910285e-312
1,8.98617073915405e-312,8.98617073915405e-312,8.98617073915405e-312
1,8.97629346044132e-312,8.97629346044132e-312,8.97629346044132e-312
1,8.97832492719765e-312,8.97832492719765e-312,8.97832492719765e-312
1,8.96234639707679e-312,8.96234639707679e-312,8.96234639707679e-312
1,8.95028625449877e-312,8.95028625449877e-312,8.95028625449877e-312
0.999999761653795,2.38346205045041e-07,8.93500087053961e-312,8.93500087053961e-312
0.999786134666694,0.000213865333306537,8.35730163914091e-312,8.35730163914091e-312
0.999999894466548,1.0553345195667e-07,8.9392577268884e-312,8.9392577268884e-312
0.999999708804508,2.91195492125999e-07,8.93507190546025e-312,8.93507190546025e-312
0.999998975945342,1.02405465831388e-06,8.93354486013368e-312,8.93354486013368e-312
1,9.15813104067379e-312,9.15813104067379e-312,9.15813104067379e-312
0.999998899860614,1.10013938600497e-06,8.92826496992723e-312,8.92826496992723e-312
0.999944518706273,5.54812937271624e-05,8.93316787525454e-312,8.93316787525454e-312
0.999847452739526,0.000152547260473555,8.93541000114289e-312,8.93541000114289e-312
0.999792106467341,0.000207893532659123,8.93389969302129e-312,8.93389969302129e-312
0.999733770386005,0.000266229613994981,8.95604699054764e-312,8.95604699054764e-312
0.999407766355971,0.000592233644029173,8.97869488509968e-312,8.97869488509968e-312
0.999735633738974,0.000264366261025341,8.37454072601857e-312,8.37454072601857e-312
0.997369710258268,0.00263028974173228,9.00988250791935e-312,9.00988250791935e-312
0.99504337472551,0.00495662527448958,9.01719919180405e-312,9.01719919180405e-312
0.989963758057079,0.0100362419429208,9.05709302804875e-312,9.05709302804875e-312
0.978100627695873,0.0218993723041272,9.04296340921166e-312,9.04296340921166e-312
1,9.10229857696182e-312,9.10229857696182e-312,9.10229857696182e-312
0.966211094704295,0.0337889052957049,9.04273390054147e-312,9.04273390054147e-312
0.961245875943616,0.0387541240563846,9.06929704984019e-312,9.06929704984019e-312
0.946912074076936,0.0530879259230641,9.04653192307056e-312,9.04653192307056e-312
0.946852757156799,0.0531472428432014,9.08776789567274e-312,9.08776789567274e-312
0.94262746456865,0.0573725354313501,9.09934393449995e-312,9.09934393449995e-312
0.999801246164732,0.000198753835268157,8.41132772383769e-312,8.41132772383769e-312
0.93736670875433,0.0626332912456704,9.06516756198943e-312,9.06516756198943e-312
0.940715109854585,0.0592848901454149,9.06324514583723e-312,9.06324514583723e-312
0.942531361823433,0.057468638176567,9.06145650043391e-312,9.06145650043391e-312
0.944446024657652,0.0555539753423481,9.05947403876936e-312,9.05947403876936e-312
0.96774409204504,0.0322559079549599,9.17662486027725e-312,9.17662486027725e-312
1,9.06686674161505e-312,9.06686674161505e-312,9.06686674161505e-312
0.971997764816971,0.0280022351830291,9.17026271206023e-312,9.17026271206023e-312
0.969782313266463,0.0302176867335372,9.1492681954451e-312,9.1492681954451e-312
0.972638870481807,0.0273611295181932,9.15858326711151e-312,9.15858326711151e-312
0.971037966456244,0.0289620335437567,9.12753514050563e-312,9.12753514050563e-312
0.999859294170851,0.000140705829149547,8.4725099887515e-312,8.4725099887515e-312
0.978526912120324,0.0214730878796762,9.16759558141727e-312,9.16759558141727e-312
0.982332745670821,0.0176672543291792,9.20634726696344e-312,9.20634726696344e-312
0.983524997966579,0.0164750020334206,9.24234750686164e-312,9.24234750686164e-312
0.985726518237196,0.0142734817628036,9.31098586110914e-312,9.31098586110914e-312
0.99521923900337,0.00478076099663054,9.44252931820482e-312,9.44252931820482e-312
0.995879177088419,0.00412082291158112,9.61934438258389e-312,9.61934438258389e-312
1,9.03916557455597e-312,9.03916557455597e-312,9.03916557455597e-312
0.995196897631396,0.00480310236860445,9.86234413011794e-312,9.86234413011794e-312
0.991277186860987,0.00872281313901239,1.02500997507673e-311,1.02500997507673e-311
0.980330262280281,0.0196696286316022,1.09088116377385e-07,1.07537999291156e-311
0.999836521417487,0.000163478582512849,8.56252516166233e-312,8.56252516166233e-312
0.956685314673299,0.0433146853267011,1.1419231440214e-311,1.1419231440214e-311
0.912287273348519,0.0877124084633102,3.18188170535995e-07,1.21286089812881e-311
0.84800435410404,0.151984742081647,1.09038143133768e-05,1.28204148725368e-311
0.760971753562222,0.238948586591221,7.96598465571034e-05,1.34343983310327e-311
0.660415447759793,0.336563955717676,0.00302059652253147,1.38319100525591e-311
0.556746530341862,0.437056533413401,0.00619693624473692,1.40447764498594e-311
0.458765530564734,0.531682562553346,0.00955190688191991,1.40673439129057e-311
1,9.01638448737608e-312,9.01638448737608e-312,9.01638448737608e-312
0.369850648025863,0.617090779849449,0.0130585721246883,1.38708651739531e-311
0.302888677724055,0.672421854159659,0.0246894681162852,1.34192952326134e-311
0.999878383492376,0.000121616507623786,8.6708247866162e-312,8.6708247866162e-312
0.2577048692429,0.717045552959832,0.0252495777972676,1.29456032836437e-311
0.235013749459571,0.738528561327482,0.0264576892129473,1.25533959642446e-311
0.203571732132764,0.772702898296346,0.0237253695708897,1.15037752726634e-311
0.201774373159646,0.777210482962508,0.0210151438778463,1.10396020434981e-311
0.205311889431092,0.77701723288979,0.0176708776791179,1.06650227731631e-311
0.196494687613856,0.789368512571299,0.014136799814845,1.0265932385042e-311
0.196485910988837,0.796887757954691,0.00662633105647172,9.95696900788509e-312
0.187818381471181,0.805642988241765,0.00653863028705419,9.66828323059148e-312
1,8.99435508022205e-312,8.99435508022205e-312,8.99435508022205e-312
0.164159898372003,0.828623753139783,0.00721634848821398,9.45884861769891e-312
0.999920871575562,7.91284244377651e-05,8.77646481291836e-312,8.77646481291836e-312
0.144615055232021,0.847278481864462,0.00810646290351727,9.6684495604097e-312
0.116163171635232,0.867788679091537,0.0160481492732307,9.42258668993343e-312
0.0933619841033998,0.889195467804842,0.0174425480917579,9.22578666354973e-312
0.0670378015076373,0.915665628638596,0.0172965698537664,9.07557853849571e-312
0.0423086694633164,0.941266363452727,0.0164249670839562,8.9162434970274e-312
0.0197600549941452,0.964559241542487,0.0156807034633677,8.76539925566589e-312
0.00735911454822642,0.979099469484491,0.0135414159672828,8.64103944585793e-312
0.00232323285034182,0.985762577619972,0.0119141895296862,8.50823041246152e-312
0.000514541519662457,0.996628943792492,0.00285651468784605,8.46044332501583e-312
1,8.97535270351353e-312,8.97535270351353e-312,8.97535270351353e-312
0.999722411952329,0.000277588047670641,7.9759607180603e-312,7.9759607180603e-312
0.000711796165855634,0.997157871928864,0.00213033190528058,8.40181525334618e-312
0.00123073551482343,0.996749333625564,0.00201993085961254,8.37994596838679e-312
0.00220034454123476,0.995471064873271,0.00232859058549434,8.39287380077622e-312
0.00386795919139302,0.99395706784014,0.00217497296846689,8.41274811686841e-312
0.0130644659608603,0.984617875686952,0.00231765835218707,8.41689314636433e-312
0.0142190240676486,0.983273962113664,0.00250701381868776,8.47666852725216e-312
0.0158800937706462,0.97512817453819,0.00899173169116372,8.51152050714732e-312
0.0222885429207574,0.97435507719229,0.00335637988695235,8.57128644830822e-312
0.0168028024223176,0.980675871829366,0.00252132574831681,8.68003839532128e-312
0.0158372195423457,0.981941064601522,0.00222171585613241,8.76146817746889e-312
5.67700574523845e-05,0.999588061232583,9.91692816234819e-312,0.00035516870996483
0.999670196316421,0.000329803683578631,8.39959885865853e-312,8.39959885865853e-312
1,8.96024306211365e-312,8.96024306211365e-312,8.96024306211365e-312
0.0143829257660279,0.983340107387559,0.00227696684641353,8.86333042497904e-312
0.00492681337402843,0.993528088674464,0.00154509795150785,9.06407659760839e-312
0.00324799142509272,0.994833991547165,0.00191801702774194,9.2734839151082e-312
0.00205623457316898,0.994569592973513,0.00337417245331814,9.61664735729351e-312
0.000556536762567401,0.989749674558161,0.00969378867927215,1.00923346358823e-311
2.39077069931998e-05,0.974014611678285,0.0259614806147218,1.07229678805785e-311
5.21935147359169e-05,0.93848196557612,0.0614658409091447,1.14752866419601e-311
0.000325804140832144,0.870654683805385,0.129019512053783,1.22006152797006e-311
0.000244999265271122,0.770509557199191,0.229245443535538,1.28076206156464e-311
0.999651594286003,0.000348405713996646,7.65709200964722e-312,7.65709200964722e-312
0.000314633901366476,0.643908334749087,0.355777031349547,1.31619715517998e-311
1,8.94226155966232e-312,8.94226155966232e-312,8.94226155966232e-312
0.000935582584716133,0.504556772424319,0.494507644990965,1.32331321783227e-311
0.000342525158205315,0.368155568139088,0.631501906702706,1.2999848623854e-311
0.000390888700067067,0.24338090825426,0.756228203045673,1.24699532859639e-311
0.000462195024293838,0.141129708787604,0.858408096188102,1.17929580375071e-311
0.000430975959382863,0.071751333668736,0.927817690371882,1.10218634938854e-311
0.00038914211413122,0.0294335892427348,0.970177268643134,1.02627427809568e-311
0.000343720811415925,0.0106398319648849,0.989016447223699,9.61873384269127e-312
0.000275166168654249,0.00303572433943346,0.996689109491912,9.11888615857784e-312
8.17391726630172e-312,8.17391726630172e-312,8.17391726630172e-312,1
0.000158584145727439,0.000747357373982418,0.99909405848029,8.7795279877589e-312
4.9566272912001e-05,0.000256753476963692,0.999693680250124,8.56668188504487e-312
1,8.93760942884059e-312,8.93760942884059e-312,8.93760942884059e-312
1.61116222177065e-06,0.000117149080656962,0.999881239757121,8.420486738447e-312
1.7765434527094e-06,0.000163012684193264,0.999835210772354,8.32800820362763e-312
2.8652564134779e-07,0.00022559369137638,0.999774119782982,8.26772452767727e-312
2.64108281591391e-07,0.000214113844916589,0.999785622046802,8.22798696384794e-312
8.19673642412002e-312,0.000224651724407906,0.999775348275592,8.19673642412002e-312
8.20216389425956e-312,0.000166792254139441,0.999833207745861,8.20216389425956e-312
1.80245890872176e-07,0.000147296897126569,0.999852522856983,8.21493081334655e-312
0.999599933315165,0.000400066684834753,8.57358238789589e-312,8.57358238789589e-312
8.24055388391151e-312,0.000144725135662379,0.999855274864338,8.24055388391151e-312
8.29635521502541e-312,0.000151092631267282,0.999848907368733,8.29635521502541e-312
8.35698457421721e-312,7.46352491661382e-05,0.999925364750834,8.35698457421721e-312
1,8.91504946918407e-312,8.91504946918407e-312,8.91504946918407e-312
1.16271134886318e-07,2.17802025699785e-06,0.999997705708608,8.43290532621926e-312
2.25392202059924e-07,3.06562790854643e-06,0.999996708979889,8.53624586638233e-312
8.66257792782029e-312,4.39902456931003e-06,0.999995600975431,8.66257792782029e-312
8.85874907111638e-312,4.18467466675508e-05,0.999958153253333,8.85874907111638e-312
2.59443658662216e-07,0.000210590250966778,0.999789150305374,9.12303034219385e-312
2.6007547563139e-07,0.00156721587416072,0.998432524050363,9.49121631781069e-312
0.999571700769322,0.000428299230678457,9.34954326647632e-312,9.34954326647632e-312
3.27358810896784e-05,0.0067439228310952,0.993223341287815,1.00312944678204e-311
0.000109352661505283,0.0227039734209547,0.97718667391754,1.07254036937275e-311
0.000205554491861371,0.0586952234146895,0.941099222093449,1.15743914291461e-311
0.000365577757696946,0.127523060742874,0.872111361499429,1.23790760634605e-311
1,8.91484350985151e-312,8.91484350985151e-312,8.91484350985151e-312
0.000389575565246344,0.229637685412829,0.769972739021924,1.30413013114299e-311
0.0043961394224986,0.356375883709881,0.639227976867621,1.34098612429033e-311
0.00372992428387272,0.496486534974853,0.499783540741275,1.35608052998087e-311
0.00296090020536196,0.63196262615163,0.365076473643008,1.33920579264771e-311
0.00182819051756122,0.757161865927274,0.241009943555165,1.29217285054827e-311
0.999580796207915,0.000419203792085387,9.34029451948654e-312,9.34029451948654e-312
0.00263089347969643,0.855656699437914,0.14171240708239,1.22480657217983e-311
0.00258574861713573,0.923270043707437,0.0741442076754272,1.15280927304564e-311
0.00223452954583164,0.96175950381186,0.0360057624810947,2.04161213457725e-07
0.00107821773665508,0.982203390997752,0.0167183912655932,1.02054443905116e-311
0.000910343145376023,0.990705719771272,0.00838393708335126,9.77451756923964e-312
0.999999833386996,1.66613004099852e-07,8.9028485978121e-312,8.9028485978121e-312
0.000825694259510355,0.994026548518389,0.00514775722210096,9.52426158332384e-312
0.000909839474859224,0.994999659695808,0.0040905008293324,9.36775891917166e-312
5.91652791391016e-05,0.996216325006337,0.00372450971452365,9.32538587542407e-312
8.15818405192831e-05,0.995837065622967,0.00408135253651372,9.3630321529753e-312
8.18305316579288e-312,8.18305316579288e-312,8.18305316579288e-312,1
0.000575770551165215,0.994717473679184,0.00470675576965039,9.43341559792821e-312
0.000952059898526915,0.991997032521064,0.00705090758040898,9.55599564807384e-312
0.00127470247789329,0.990777956294606,0.00794734122750078,9.69627747226821e-312
0.00146213361664254,0.985428926807479,0.0131089395758789,9.88458115481236e-312
0.00146272629535801,0.979647480459836,0.0188897932448063,1.01285524845733e-311
0.00155294933146644,0.973402895942706,0.0250441547258275,1.03780069695802e-311
0.999999750412497,2.49587503415154e-07,8.90350579981369e-312,8.90350579981369e-312
0.00116579268646001,0.961404849002092,0.0374293583114475,1.06608270534657e-311
8.2347504661494e-05,0.943369877043187,0.0565477754521515,1.09992840165559e-311
5.31871412106612e-05,0.921345460311801,0.0786013525469887,1.13099175525054e-311
8.21084615508563e-312,8.21084615508563e-312,8.21084615508563e-312,1
2.02578557461967e-05,0.894719742493931,0.105259999650322,1.1647470828349e-311
3.03228515395003e-06,0.865424852852473,0.134572114862374,1.19810801270828e-311
9.72956703624403e-07,0.831264807451563,0.168734219591734,1.22733640578559e-311
1.42988613827278e-06,0.791838223550974,0.208160346562888,1.25043001223474e-311
1.17428724910269e-06,0.75639625408334,0.243602571629411,1.27103638998869e-311
9.26461525801829e-07,0.722533962216483,0.277465111321991,1.28626253788745e-311
1.94646820353128e-05,0.68747221723513,0.312508318082835,1.2992842428069e-311
0.999999811718003,1.88281997192739e-07,8.8930356617625e-312,8.8930356617625e-312
5.65089351835459e-05,0.65656921976368,0.343374271301136,1.30810270315126e-311
6.64158044306057e-05,0.631876625012822,0.368056959182747,1.31412451982022e-311
8.23359072131341e-312,8.23359072131341e-312,8.23359072131341e-312,1
0.000185777027113041,0.612244011802198,0.387570211170689,1.32000086222039e-311
0.000281986693401403,0.603933591455214,0.395784421851384,1.32037520378459e-311
0.000428302328887509,0.601110715003028,0.398460982668084,1.32447351831837e-311
0.000623775142338158,0.610736632714589,0.388639592143072,1.32227777940619e-311
0.000835172048625225,0.629516827111071,0.369648000840304,1.31724257961149e-311
0.00106101364361413,0.658364317012574,0.340574669343812,1.30783997833506e-311
0.00132147631410917,0.69803956579758,0.300638957888311,1.29411505932004e-311
0.00139050989071024,0.742424520579469,0.256184969529821,1.27703362410968e-311
0.999998955810993,1.04418900672888e-06,8.88621247451812e-312,8.88621247451812e-312
0.00201422155413975,0.788218657946839,0.209767120499022,1.25006155342274e-311
8.26686022806034e-312,8.26686022806034e-312,8.26686022806034e-312,1
0.00233758906918599,0.839544001607612,0.158118409323202,1.22231525649208e-311
0.00244184136734618,0.882795534145068,0.114762624487585,1.18527574314577e-311
0.00258153925623539,0.918858560709835,0.07855990003393,1.14964556910491e-311
0.00278059416453365,0.945519560974438,0.0516998448610282,1.11343368413705e-311
0.00293673974372175,0.964972057411291,0.0320912028449874,1.0834252292125e-311
0.00408920538413906,0.973212622238242,0.0226981723776193,1.06352941719263e-311
0.00643573464482221,0.979296201318823,0.014268064036355,1.04896106781896e-311
0.0140509157909313,0.975579523832247,0.0103695603768218,1.04827894572623e-311
0.0233903763637841,0.969878825716437,0.00673079791977885,1.05600031402061e-311
0.99999945151749,5.48482509766236e-07,8.89385606880979e-312,8.89385606880979e-312
0.00049914377449303,0.999058763984398,1.00836632772669e-311,0.000442092241109641
8.64116986161946e-312,8.64116986161946e-312,8.64116986161946e-312,1
0.0445281866944298,0.949916342081826,0.00555547122374466,1.07054228600465e-311
0.0809165678291294,0.914672279988398,0.0044111521824727,1.09499275956329e-311
0.127558567977663,0.868333553629322,0.00410787839301523,1.12256022459061e-311
0.174446689856841,0.823537762579091,0.0020155475640675,1.14739286673155e-311
0.247015292547753,0.751483801849114,0.00150090560313283,1.04987912304e-311
0.293666671558629,0.705093726050365,0.00123960239100618,1.10910387549471e-311
0.354189937726381,0.644896020539613,0.00091404173400609,1.00608086197648e-311
0.380516956288428,0.619027836947533,0.000455206764039314,1.13139314183726e-311
0.395952145563756,0.603711357739295,0.000336496696948989,1.23347395325061e-311
0.396223948139867,0.603447619190898,0.000328432669235576,1.2332937080552e-311
8.66836815214759e-312,8.66836815214759e-312,8.66836815214759e-312,1
0.999993778687696,6.2213123043123e-06,8.89165441169521e-312,8.89165441169521e-312
1,1.06803862983077e-311,1.06803862983077e-311,1.06803862983077e-311
1,1.06935804044027e-311,1.06935804044027e-311,1.06935804044027e-311
1,9.8275341359609e-312,9.8275341359609e-312,9.8275341359609e-312
1,8.46850938768719e-312,8.46850938768719e-312,8.46850938768719e-312
1,9.28063412284231e-312,9.28063412284231e-312,9.28063412284231e-312
1,9.14094471576307e-312,9.14094471576307e-312,9.14094471576307e-312
1,1.00678593354e-311,1.00678593354e-311,1.00678593354e-311
1,9.92954864959702e-312,9.92954864959702e-312,9.92954864959702e-312
1,9.79546295679204e-312,9.79546295679204e-312,9.79546295679204e-312
8.69730995536015e-312,8.69730995536015e-312,8.69730995536015e-312,1
1,9.66926474030668e-312,9.66926474030668e-312,9.66926474030668e-312
0.999941601096017,5.83989039827415e-05,8.89329441459328e-312,8.89329441459328e-312
1,9.56486190993445e-312,9.56486190993445e-312,9.56486190993445e-312
1,9.4703457415944e-312,9.4703457415944e-312,9.4703457415944e-312
1,9.40023071728954e-312,9.40023071728954e-312,9.40023071728954e-312
1,9.31827834742232e-312,9.31827834742232e-312,9.31827834742232e-312
1,9.26865717885385e-312,9.26865717885385e-312,9.26865717885385e-312
1,9.21022163111792e-312,9.21022163111792e-312,9.21022163111792e-312
1,9.17068941645501e-312,9.17068941645501e-312,9.17068941645501e-312
1,9.13473015283975e-312,9.13473015283975e-312,9.13473015283975e-312
8.7210933077307e-312,8.7210933077307e-312,8.7210933077307e-312,1
1,9.10249857320366e-312,9.10249857320366e-312,9.10249857320366e-312
1,9.07125393576675e-312,9.07125393576675e-312,9.07125393576675e-312
0.999843915204824,0.000156084795175835,8.90500364179443e-312,8.90500364179443e-312
1,9.05459136487195e-312,9.05459136487195e-312,9.05459136487195e-312
1,9.03217916011694e-312,9.03217916011694e-312,9.03217916011694e-312
1,9.0182960418162e-312,9.0182960418162e-312,9.0182960418162e-312
1,9.00755075809795e-312,9.00755075809795e-312,9.00755075809795e-312
1,8.99292103760021e-312,8.99292103760021e-312,8.99292103760021e-312
1,8.98016016326805e-312,8.98016016326805e-312,8.98016016326805e-312
0.999999823068419,1.76931580719571e-07,8.97948658033223e-312,8.97948658033223e-312
1,8.4535658071609e-312,8.4535658071609e-312,8.4535658071609e-312
1,8.9653719079987e-312,8.9653719079987e-312,8.9653719079987e-312
0.999999847446607,1.52553393179592e-07,8.96609176204489e-312,8.96609176204489e-312
0.999999455521386,5.44478614214114e-07,8.96611249185857e-312,8.96611249185857e-312
0.999793487216771,0.000206512783229309,8.92235715315909e-312,8.92235715315909e-312
0.999999747296603,2.52703396561429e-07,8.97158783514596e-312,8.97158783514596e-312
0.99995065179709,4.93482029102477e-05,8.96343074953539e-312,8.96343074953539e-312
0.999852305225514,0.000147694774485867,8.97722917427803e-312,8.97722917427803e-312
0.999816989417464,0.000183010582536185,8.98085031994723e-312,8.98085031994723e-312
0.999230230674033,0.000769769325966669,9.00026405415123e-312,9.00026405415123e-312
0.998619025952175,0.00138097404782537,9.01177799457393e-312,9.01177799457393e-312
8.73393923382843e-312,8.73393923382843e-312,8.73393923382843e-312,1
0.997087033592059,0.00291296640794096,9.03584148483362e-312,9.03584148483362e-312
0.995910264142605,0.00408973585739529,9.08112766695968e-312,9.08112766695968e-312
0.99348554146301,0.00651431888827444,1.39648715508238e-07,9.11134756919917e-312
0.989686361504246,0.0103136384957539,9.14872889255585e-312,9.14872889255585e-312
0.999068220051624,0.000931779948375511,8.93758736061295e-312,8.93758736061295e-312
0.978409139597373,0.0215907151597873,1.45242839962289e-07,9.13632002385523e-312
0.973339682463642,0.0266602122043068,1.05332051191818e-07,9.1631123551677e-312
0.959408652263166,0.0405913477368342,9.13850891004479e-312,9.13850891004479e-312
0.952672287117643,0.0473277128823573,9.15948166156132e-312,9.15948166156132e-312
0.948557869160832,0.051442130839168,9.17822265606122e-312,9.17822265606122e-312
8.75414844013005e-312,8.75414844013005e-312,8.75414844013005e-312,1
